lastAccountName: Taifunchik12
timestamps:
  login: 1737910404250
  logout: 1737910445957
ipAddress: 127.0.0.1
logoutlocation:
  world: world
  x: 13.212351824660178
  y: 26.139391776013433
  z: -95.08465966963831
  yaw: -121.848114
  pitch: 12.905834
lastlocation:
  world: world
  x: 66.7561451521548
  y: 29.0
  z: -134.69999998807907
  yaw: -178.73848
  pitch: 4.618299
