lastAccountName: feernayyy_052
timestamps:
  login: 1737904723452
  logout: 1737905016186
ipAddress: 127.0.0.1
lastlocation:
  world: world
  x: -0.3437390772788461
  y: 4.482499986886978
  z: -107.58278239308721
  yaw: -162.79732
  pitch: 10.603057
