lastAccountName: Kycai_zahui
timestamps:
  login: 1737920536146
  logout: 1737921279747
ipAddress: 127.0.0.1
lastlocation:
  world: world
  x: -42.85560242134753
  y: 37.231523797587016
  z: -78.15571641240679
  yaw: -42.475365
  pitch: 39.72336
logoutlocation:
  world: world
  x: -43.610200010220865
  y: 38.0
  z: -79.18243031260968
  yaw: 51.29413
  pitch: -0.04536979
