lastAccountName: Dostovskiy12
timestamps:
  login: 1737911453300
  logout: 1737912957007
  mute: 0
ipAddress: 127.0.0.1
lastlocation:
  world: world
  x: 50.84730254974144
  y: 50.10090072030915
  z: -77.28529685081534
  yaw: -52.20959
  pitch: 25.778904
logoutlocation:
  world: world
  x: 14.417424697756445
  y: 42.0
  z: -43.41871602572119
  yaw: -88.315186
  pitch: 5.9261
muted: false
