lastAccountName: _im_not_softers_
timestamps:
  login: 1737909044186
  logout: 1737909085794
ipAddress: 127.0.0.1
lastlocation:
  world: world
  x: -18.5
  y: 4.0625
  z: -108.5
  yaw: 0.0
  pitch: 0.0
logoutlocation:
  world: world
  x: -13.5
  y: 4.0
  z: -107.5
  yaw: -86.25934
  pitch: 75.45316
