lastAccountName: Fronzes2
timestamps:
  login: 1737904686701
  logout: 1737905016166
ipAddress: 127.0.0.1
lastlocation:
  world: world
  x: -8.661277311963339
  y: 4.0
  z: -106.99671488806617
  yaw: -84.177795
  pitch: 25.058441
