lastAccountName: Floki_Wintx
timestamps:
  login: 1737920398834
  logout: 1737923410432
ipAddress: 127.0.0.1
lastlocation:
  world: world
  x: 34.073082314050694
  y: 31.622068945843875
  z: -183.29880011006998
  yaw: -146.80243
  pitch: 19.629745
logoutlocation:
  world: world
  x: 89.8499257021508
  y: 35.7531999805212
  z: -116.74502985328348
  yaw: 139.95172
  pitch: -4.795043
