lastAccountName: 1WantTobankai
timestamps:
  login: 1737904721551
  logout: 1737905016184
ipAddress: 127.0.0.1
logoutlocation:
  world: world
  x: -18.5
  y: 4.0625
  z: -108.5
  yaw: -173.54997
  pitch: 27.300001
lastlocation:
  world: world
  x: -7.547566722824775
  y: 4.0
  z: -106.95683656831943
  yaw: -138.84558
  pitch: 13.519457
