lastAccountName: fixik_pixik
timestamps:
  login: 1737920612846
  logout: 1737920652127
ipAddress: 127.0.0.1
logoutlocation:
  world: world
  x: 2.755936176801398
  y: 39.303015966009035
  z: -54.067448829756664
  yaw: -148.05046
  pitch: 34.949974
