lastAccountName: pachemu1236zxc
timestamps:
  login: 1737911482950
  logout: 1737911494759
ipAddress: 127.0.0.1
logoutlocation:
  world: world
  x: 4.699999988079073
  y: 4.0
  z: -115.10810034395143
  yaw: 40.62648
  pitch: 3.387717
