lastAccountName: Nowon
timestamps:
  login: 1737904686702
  logout: 1737905016167
ipAddress: 127.0.0.1
lastlocation:
  world: world
  x: 1.9948047596575147
  y: 4.0
  z: -103.8452683849045
  yaw: 163.91547
  pitch: 1.2206044
