lastAccountName: FUFUGF20
timestamps:
  login: 1737908423486
  logout: 1737909805848
ipAddress: 127.0.0.1
lastlocation:
  world: world
  x: 52.9933083888124
  y: 29.0
  z: -131.12176927390155
  yaw: 140.82812
  pitch: 32.804222
logoutlocation:
  world: world
  x: 37.86637332332838
  y: 31.473762705790215
  z: -198.51488713561002
  yaw: -172.8435
  pitch: 29.017311
