lastAccountName: Bibizyan285
timestamps:
  login: 1737920400246
  logout: 1737921314651
ipAddress: 127.0.0.1
lastlocation:
  world: world
  x: -46.03688118390484
  y: 38.0
  z: -78.71413035802205
  yaw: 74.98302
  pitch: 21.182402
logoutlocation:
  world: world
  x: -48.85954804185258
  y: 37.0
  z: -77.38712280891752
  yaw: 1.9195658
  pitch: 13.075032
