lastAccountName: Wiorckxotu
timestamps:
  login: 1737916401013
  logout: 1737918108220
ipAddress: 127.0.0.1
logoutlocation:
  world: world
  x: -18.699999988079078
  y: 19.0625
  z: -108.5009925389242
  yaw: -44.994507
  pitch: -24.062191
