lastAccountName: Herobrine
timestamps:
  login: 1737908455486
  logout: 1737909596237
ipAddress: 127.0.0.1
lastlocation:
  world: world
  x: 9.08691566937816
  y: 29.0
  z: -129.69959739339558
  yaw: 105.1004
  pitch: -1.1969408
logoutlocation:
  world: world
  x: 44.32383537111985
  y: 31.37384559941484
  z: -174.66950726058576
  yaw: -2.0188715
  pitch: 7.603441
