lastAccountName: IIuoneP
timestamps:
  login: 1737920005293
  logout: 1737920233143
ipAddress: 127.0.0.1
lastlocation:
  world: world
  x: -18.998579761015773
  y: 8.813750669426842
  z: -103.98852134407447
  yaw: -29.051968
  pitch: 36.47843
