lastAccountName: tridcattriBRO
timestamps:
  login: 1738432231421
  logout: 1738435321124
  lastteleport: 1738435146984
ipAddress: 127.0.0.1
lastlocation:
  world: world
  x: -243.93187828294904
  y: 12.480931091293888
  z: 206.36530068276915
  yaw: 137.18723
  pitch: 37.79969
logoutlocation:
  world: world
  x: -267.5639670695444
  y: 7.61830201484422
  z: 204.2039345496727
  yaw: -38.415527
  pitch: 40.650066
