lastAccountName: StasyaBOOM
timestamps:
  login: 1737920407148
  logout: 1737923410426
ipAddress: 127.0.0.1
lastlocation:
  world: world
  x: 31.642768464235075
  y: 28.76098056859097
  z: -182.25474235666678
  yaw: -125.29773
  pitch: -0.5215272
logoutlocation:
  world: world
  x: 94.5169895266256
  y: 40.79374502191764
  z: -121.8444887900943
  yaw: -7.1375732
  pitch: 28.94671
