lastAccountName: RomanUwU
timestamps:
  login: 1737910557150
  logout: 1737911326060
ipAddress: 127.0.0.1
logoutlocation:
  world: world
  x: 97.90201342274352
  y: 42.68883708335369
  z: -136.88999320050303
  yaw: -162.98065
  pitch: 28.50116
lastlocation:
  world: world
  x: 2.801764967021553
  y: 5.564575604541435
  z: -108.49370946685336
  yaw: -106.55365
  pitch: 26.100227
