lastAccountName: Monoksadd
timestamps:
  login: 1737912444250
  logout: 1737912508507
ipAddress: 127.0.0.1
logoutlocation:
  world: world
  x: -12.580469847730328
  y: 9.731497092071699
  z: -119.12331757970547
  yaw: 55.919037
  pitch: 20.322853
