lastAccountName: XxLazyxX
timestamps:
  login: 1737910663950
  logout: 1737911407892
ipAddress: 127.0.0.1
lastlocation:
  world: world
  x: -33.05000001192093
  y: 6.919999986886978
  z: -117.53380560808037
  yaw: -91.951385
  pitch: 35.54971
logoutlocation:
  world: world
  x: 80.27589674217931
  y: 40.6264670613073
  z: -118.91138036680611
  yaw: -14.271973
  pitch: -22.350239
