lastAccountName: Arbuz
timestamps:
  login: 1737920415146
  logout: 1737923410423
ipAddress: 127.0.0.1
lastlocation:
  world: world
  x: 45.09743532206344
  y: 34.37747614188202
  z: -157.93687943495004
  yaw: 167.98743
  pitch: 30.61543
logoutlocation:
  world: world
  x: 98.94986943265198
  y: 36.17675927506424
  z: -125.61480472688648
  yaw: -16.609497
  pitch: 8.002283
