lastAccountName: F0underr
timestamps:
  login: 1737910410800
  logout: 1737910615909
ipAddress: 127.0.0.1
lastlocation:
  world: world
  x: 6.2804338267305235
  y: 29.0
  z: -134.12773995490963
  yaw: -176.55362
  pitch: 8.999757
logoutlocation:
  world: world
  x: -40.59087684430956
  y: 9.5625
  z: -104.63969322134905
  yaw: -95.06514
  pitch: 51.75037
