lastAccountName: N1lfi_
timestamps:
  login: 1737920397735
  logout: 1737923401001
ipAddress: 127.0.0.1
logoutlocation:
  world: world
  x: 37.46647935196863
  y: 44.22459971552157
  z: -193.2055011088638
  yaw: -0.09187962
  pitch: 62.20867
lastlocation:
  world: world
  x: 35.573035511041645
  y: 28.3924038489671
  z: -173.14896536950405
  yaw: -159.99428
  pitch: 10.653568
