lastAccountName: arxses
timestamps:
  login: 1737909267436
  logout: 1737910338570
ipAddress: 127.0.0.1
logoutlocation:
  world: world
  x: -27.5816092750638
  y: 9.944333272029375
  z: -121.94043813129451
  yaw: 55.484375
  pitch: 67.97328
lastlocation:
  world: world
  x: -3.0441848699381513
  y: 4.0
  z: -109.58210912055206
  yaw: -89.500084
  pitch: 4.336916
