lastAccountName: fgffdgdf
timestamps:
  login: 1737908161386
  logout: 1737910337164
ipAddress: 127.0.0.1
lastlocation:
  world: world
  x: 58.901974437776744
  y: 29.0
  z: -157.00339746970906
  yaw: 178.59846
  pitch: 22.107574
logoutlocation:
  world: world
  x: 6.941427925871632
  y: 5.222266187892218
  z: -108.51821540834135
  yaw: 100.741394
  pitch: 15.300041
