lastAccountName: ivanzolo_pena
timestamps:
  login: 1737908162736
  logout: 1737909556987
ipAddress: 127.0.0.1
logoutlocation:
  world: world
  x: 23.772288558976808
  y: 32.1680872497937
  z: -140.89802188480527
  yaw: 174.3669
  pitch: 20.405598
lastlocation:
  world: world
  x: 53.427951013791194
  y: 29.0
  z: -132.31495958226054
  yaw: 162.32086
  pitch: 10.340126
