lastAccountName: hidden
timestamps:
  login: 1737911713250
  logout: 1737911835158
ipAddress: 127.0.0.1
logoutlocation:
  world: world
  x: 41.50299865704878
  y: 43.98634964379526
  z: -115.56367133222237
  yaw: -55.650116
  pitch: 49.050148
