lastAccountName: Chocoboy11yet
timestamps:
  login: 1737904783551
  logout: 1737905016205
ipAddress: 127.0.0.1
lastlocation:
  world: world
  x: 1.0364035682929473
  y: 4.0
  z: -115.36383353577455
  yaw: -33.860657
  pitch: 18.850739
