lastAccountName: PvpTamara_COM66
timestamps:
  login: 1737904654801
  logout: 1737905016164
ipAddress: 127.0.0.1
lastlocation:
  world: world
  x: 3.542358558726767
  y: 4.0
  z: -103.32570431299483
  yaw: 178.457
  pitch: 7.53291
