lastAccountName: to4no_borend2
timestamps:
  login: 1737910575950
  logout: 1737910643011
ipAddress: 127.0.0.1
lastlocation:
  world: world
  x: 8.305158309294153
  y: 29.0
  z: -130.3068449915562
  yaw: -42.44409
  pitch: -26.700546
logoutlocation:
  world: world
  x: -25.876859845685946
  y: 8.380645373941828
  z: -97.24921335973566
  yaw: 161.90712
  pitch: 11.099373
