lastAccountName: fisStter
timestamps:
  login: 1737908479186
  logout: 1737910338053
ipAddress: 127.0.0.1
logoutlocation:
  world: world
  x: -21.86957247318011
  y: 8.800251143506372
  z: -112.95874260009234
  yaw: 53.795483
  pitch: 16.707817
lastlocation:
  world: world
  x: 52.90054814765045
  y: 29.0
  z: -128.58547904632354
  yaw: -116.105286
  pitch: 11.999772
