lastAccountName: CKOrOsTB17
timestamps:
  login: 1737920428496
  logout: 1737923410427
ipAddress: 127.0.0.1
lastlocation:
  world: world
  x: 40.49021176085991
  y: 31.3736395258871
  z: -178.16329133258915
  yaw: 15.993774
  pitch: 7.9088054
logoutlocation:
  world: world
  x: -11.811737090944598
  y: 9.5625
  z: -121.8338581404726
  yaw: 40.11778
  pitch: 15.900044
