lastAccountName: Mukkuruu
timestamps:
  login: 1737997412011
  logout: 1738000227435
  lastteleport: 1737891654709
ipAddress: 127.0.0.1
lastlocation:
  world: world
  x: 30.246031477765698
  y: 4.0
  z: -182.20065059245954
  yaw: -4.776001
  pitch: 29.009674
logoutlocation:
  world: world
  x: 83.97707624691013
  y: 4.0
  z: -188.433408998519
  yaw: -77.16713
  pitch: -12.144559
