lastAccountName: Mukkuruu
timestamps:
  login: 1738410459825
  logout: 1738410504699
  lastteleport: 1737891654709
ipAddress: 127.0.0.1
lastlocation:
  world: world
  x: 237.3513337534032
  y: 5.0
  z: -282.0859121750824
  yaw: -175.25684
  pitch: 35.414482
logoutlocation:
  world: world
  x: 233.11526733208925
  y: 5.0
  z: -287.8566077246813
  yaw: 72.22388
  pitch: 22.413383
