lastAccountName: LOVEPOLINA
timestamps:
  login: 1737907453005
  logout: 1737908106416
ipAddress: 127.0.0.1
logoutlocation:
  world: world
  x: -39.69999998807907
  y: 10.5
  z: -105.2546076814321
  yaw: -115.32324
  pitch: 28.519438
