lastAccountName: bebra_100
timestamps:
  login: 1737904786901
  logout: 1737904816814
ipAddress: 127.0.0.1
logoutlocation:
  world: world
  x: -18.420860065223103
  y: 4.0625
  z: -109.3488661871136
  yaw: 0.0
  pitch: 0.0
