lastAccountName: wiorckxotu
timestamps:
  login: 1737920397551
  logout: 1737922309450
ipAddress: 127.0.0.1
logoutlocation:
  world: world
  x: 65.87416085377879
  y: 44.05746274682829
  z: -67.42859574320296
  yaw: -130.69238
  pitch: 26.497711
lastlocation:
  world: world
  x: 46.97323065965073
  y: 42.80652418321114
  z: -66.73628014574028
  yaw: 114.10118
  pitch: -86.287125
