lastAccountName: ___Marfa__YT500
timestamps:
  login: 1737908179386
  mute: 1737910425309
  logout: 1737910337459
ipAddress: 127.0.0.1
lastlocation:
  world: world
  x: 7.477048747216887
  y: 29.0
  z: -134.69999998807907
  yaw: -178.8567
  pitch: -0.92770433
muted: true
logoutlocation:
  world: world
  x: -16.878706380924754
  y: 14.06869392539058
  z: -108.58778492350748
  yaw: -48.200684
  pitch: 52.96388
