lastAccountName: to4no_borend5
timestamps:
  login: 1737911456550
  logout: 1737911547508
ipAddress: 127.0.0.1
logoutlocation:
  world: world
  x: 1.6539180068001695
  y: 7.056145042806832
  z: -105.5689835074744
  yaw: -99.60657
  pitch: 14.400078
