lastAccountName: kot_debil_1
timestamps:
  login: 1737911455300
  logout: 1737912354407
ipAddress: 127.0.0.1
logoutlocation:
  world: world
  x: 90.66801966898603
  y: 38.49455810354839
  z: -112.67612175577315
  yaw: -156.69012
  pitch: 14.514807
lastlocation:
  world: world
  x: 92.72391410963839
  y: 41.0
  z: -129.72617091782828
  yaw: -128.47717
  pitch: 22.692947
