lastAccountName: zakosako
timestamps:
  login: 1737633178099
  logout: 1737636001202
ipAddress: 127.0.0.1
lastlocation:
  world: world
  x: -10.236287718843853
  y: 3.80948674189209
  z: -111.41638001173898
  yaw: -109.95
  pitch: -16.199999
logoutlocation:
  world: world
  x: 500.2767498477876
  y: 30.185584030428995
  z: -67.41707559600809
  yaw: 74.04378
  pitch: 6.970163
