lastAccountName: Dragonmanchik
timestamps:
  login: 1738408489482
  logout: 1738408614844
  lastteleport: 1737923038103
ipAddress: 127.0.0.1
lastlocation:
  world: world
  x: 234.13280213905063
  y: 4.796735600668692
  z: -261.64388125192625
  yaw: -163.6488
  pitch: 13.499947
logoutlocation:
  world: world
  x: 250.52734908966073
  y: 4.0
  z: -254.87725607774905
  yaw: -155.90271
  pitch: 1.0500025
