lastAccountName: Dragonmanchik
timestamps:
  login: 1737920398162
  logout: 1737923410428
  lastteleport: 1737923038103
ipAddress: 127.0.0.1
lastlocation:
  world: world
  x: 71.85185412434234
  y: 57.13908919921833
  z: -252.44922639863287
  yaw: -1.5345459
  pitch: 58.60907
logoutlocation:
  world: world
  x: 100.80449073452601
  y: 35.0
  z: -108.89797960269621
  yaw: 157.29468
  pitch: 9.600796
