lastAccountName: sextyn
timestamps:
  login: 1737911460150
  logout: 1737911498908
ipAddress: 127.0.0.1
lastlocation:
  world: world
  x: 3.0415120403894615
  y: 4.035840625044555
  z: -109.40880853550719
  yaw: 59.655487
  pitch: 27.239313
logoutlocation:
  world: world
  x: 101.97184240086524
  y: 44.66284755230121
  z: -103.2554559504885
  yaw: 163.16321
  pitch: 16.429985
