lastAccountName: Brottya
timestamps:
  login: 1737916629813
  mute: 1737919574188
  logout: 1737917801771
ipAddress: 127.0.0.1
muted: true
logoutlocation:
  world: world
  x: 72.42601831963485
  y: 43.684399007655884
  z: -53.28513810739478
  yaw: -12.899109
  pitch: 22.650074
