lastAccountName: Vburo
timestamps:
  login: 1737912210200
  logout: 1737912270950
ipAddress: 127.0.0.1
logoutlocation:
  world: world
  x: 86.56577587465713
  y: 35.0
  z: -114.01471407143983
  yaw: -13.699249
  pitch: 7.528527
lastlocation:
  world: world
  x: 5.028037017614848
  y: 4.0
  z: -102.42831593500215
  yaw: -117.48279
  pitch: -14.6031065
