lastAccountName: gjpkodf
timestamps:
  login: 1737991781203
  logout: 1737991796194
ipAddress: 127.0.0.1
logoutlocation:
  world: world
  x: -18.5
  y: 4.0625
  z: -108.5
  yaw: -89.797226
  pitch: -10.615192
