lastAccountName: VINGEROZA2
timestamps:
  login: 1737904839551
  logout: 1737905016207
ipAddress: 127.0.0.1
logoutlocation:
  world: world
  x: -18.5
  y: 5.0
  z: -108.5
  yaw: 0.0
  pitch: 0.0
lastlocation:
  world: world
  x: -0.05574882525802526
  y: 4.0625
  z: -109.13024664701793
  yaw: -83.6897
  pitch: 36.665546
