lastAccountName: psiblade
timestamps:
  login: 1737920615596
  logout: 1737922056101
  mute: 0
ipAddress: 127.0.0.1
lastlocation:
  world: world
  x: 47.5
  y: 42.0
  z: -66.5
  yaw: 114.04416
  pitch: -86.45748
logoutlocation:
  world: world
  x: 53.159946088607335
  y: 46.04416449053995
  z: -60.01683570488378
  yaw: -32.310703
  pitch: 20.625944
muted: false
