lastAccountName: IKingShadow
timestamps:
  login: 1737907070805
  logout: 1737907115812
ipAddress: 127.0.0.1
logoutlocation:
  world: world
  x: -10.828950562000847
  y: 4.0
  z: -110.87686088710997
  yaw: 56.699974
  pitch: 42.749992
