lastAccountName: gigachad243
timestamps:
  login: 1737910683151
  logout: 1737911407910
ipAddress: 127.0.0.1
lastlocation:
  world: world
  x: -18.5
  y: 4.0625
  z: -108.5
  yaw: -126.16814
  pitch: 28.071146
logoutlocation:
  world: world
  x: 90.99642773255329
  y: 38.92335460155032
  z: -100.83710926087628
  yaw: -73.789795
  pitch: 27.979244
