lastAccountName: ITACH_YOPP
timestamps:
  login: 1737916355240
  logout: 1737917964220
ipAddress: 127.0.0.1
lastlocation:
  world: world
  x: 52.27760382333329
  y: 42.0
  z: -63.57218262558483
  yaw: -104.648865
  pitch: 11.071491
logoutlocation:
  world: world
  x: 70.8273903325036
  y: 46.253580926872075
  z: -71.63095111567762
  yaw: 39.84424
  pitch: 50.960083
