lastAccountName: Z1lDrA
timestamps:
  login: 1737920017854
  logout: 1737920177467
ipAddress: 127.0.0.1
logoutlocation:
  world: world
  x: -39.34053442580976
  y: 9.603997569558993
  z: -113.85925335152615
  yaw: 61.38159
  pitch: 28.217636
lastlocation:
  world: world
  x: -23.008023469471063
  y: 12.180896450300972
  z: -122.86727519171409
  yaw: -27.70456
  pitch: 46.13009
