lastAccountName: Aleksey342410
timestamps:
  login: 1737910403800
  logout: 1737910598958
ipAddress: 127.0.0.1
logoutlocation:
  world: world
  x: -10.4713401925022
  y: 11.692481583395649
  z: -104.94066601278
  yaw: -134.60165
  pitch: 29.745306
lastlocation:
  world: world
  x: 41.137454693509284
  y: 29.0
  z: -134.09294378265358
  yaw: -172.76456
  pitch: -6.3848715
