lastAccountName: lirik66
timestamps:
  login: 1737910413100
  logout: 1737911407475
ipAddress: 127.0.0.1
logoutlocation:
  world: world
  x: -45.57344283084689
  y: 45.455582218258634
  z: -54.775411654604696
  yaw: -128.18832
  pitch: 24.750843
lastlocation:
  world: world
  x: 265.4818547534871
  y: 5.814094172023006
  z: -105.56357730407774
  yaw: -151.3103
  pitch: 8.249983
