lastAccountName: dimalplp
timestamps:
  login: 1737920409301
  logout: 1737921658751
ipAddress: 127.0.0.1
logoutlocation:
  world: world
  x: 185.0510633705138
  y: 11.756455044951856
  z: -141.6304820633239
  yaw: 89.10632
  pitch: 20.70002
lastlocation:
  world: world
  x: -0.0035445782198551823
  y: 4.0625
  z: -100.48090042545437
  yaw: 43.528625
  pitch: 5.1001167
