lastAccountName: Purple_lce
timestamps:
  login: 1737907422955
  logout: 1737907554515
ipAddress: 127.0.0.1
logoutlocation:
  world: world
  x: 1.768825413188548
  y: 4.0
  z: -103.05864211187588
  yaw: 145.7998
  pitch: 13.799927
