lastAccountName: Dim4ikasd6a
timestamps:
  login: 1737910559450
  logout: 1737910663964
ipAddress: 127.0.0.1
logoutlocation:
  world: world
  x: -20.5481926363366
  y: 8.306194282789098
  z: -104.86848778774058
  yaw: -122.620316
  pitch: 39.749523
lastlocation:
  world: world
  x: 29.327930036719785
  y: 29.0
  z: -134.69999998807907
  yaw: -148.72595
  pitch: 23.777178
