lastAccountName: Demont1X
timestamps:
  login: 1737916384663
  logout: 1737916590821
ipAddress: 127.0.0.1
lastlocation:
  world: world
  x: 56.668518579068134
  y: 43.316156344417564
  z: -52.90457252965489
  yaw: 173.4759
  pitch: 38.099728
logoutlocation:
  world: world
  x: 54.60241221063395
  y: 43.316156344417564
  z: -50.36976024584003
  yaw: -168.97456
  pitch: 19.949697
