lastAccountName: Mega_trotil
timestamps:
  login: 1737920399053
  logout: 1737922097747
ipAddress: 127.0.0.1
logoutlocation:
  world: world
  x: 49.34104331420246
  y: 47.80324969715907
  z: -66.83958204096845
  yaw: -25.402466
  pitch: 34.20176
lastlocation:
  world: world
  x: 39.58341249514063
  y: 30.04131760942395
  z: -63.99446669646607
  yaw: -81.04147
  pitch: 27.916534
