lastAccountName: zorqq
timestamps:
  login: 1737908476536
  logout: 1737909526543
ipAddress: 127.0.0.1
lastlocation:
  world: world
  x: 25.13794636204297
  y: 29.0
  z: -134.5744137506513
  yaw: -176.67691
  pitch: -2.294585
logoutlocation:
  world: world
  x: 215.37171072556606
  y: 34.793551877163054
  z: -214.98925275786257
  yaw: 47.056217
  pitch: 35.14415
