lastAccountName: suckmyglock
timestamps:
  login: 1737911459100
  logout: 1737911663758
ipAddress: 127.0.0.1
logoutlocation:
  world: world
  x: 97.46963840725266
  y: 37.67828329696147
  z: -120.47827411187049
  yaw: 161.49532
  pitch: 2.1212807
lastlocation:
  world: world
  x: -7.122062146305311
  y: 10.0
  z: -121.21408810023726
  yaw: -98.29367
  pitch: 80.03773
