lastAccountName: Wiorckxxotu
timestamps:
  login: 1737911714100
  logout: 1737915632810
ipAddress: 127.0.0.1
lastlocation:
  world: world
  x: 64.57351673417072
  y: 46.190691513559564
  z: -69.3396902693423
  yaw: -138.36206
  pitch: 6.441079
logoutlocation:
  world: world
  x: 99.35721189259826
  y: 38.14152960062166
  z: -97.84017489049384
  yaw: -155.82826
  pitch: 20.10165
