lastAccountName: _CaXaPPPP
timestamps:
  login: 1737904878052
  logout: 1737904888752
ipAddress: 127.0.0.1
logoutlocation:
  world: world
  x: -23.934792932370446
  y: 4.0
  z: -106.54795133325631
  yaw: -124.6069
  pitch: 3.865998
