lastAccountName: Mega_trotil_
timestamps:
  login: 1737908142485
  logout: 1737910291643
ipAddress: 127.0.0.1
lastlocation:
  world: world
  x: 10.423814746954656
  y: 29.0
  z: -134.69999998807907
  yaw: -179.36952
  pitch: 6.57226
logoutlocation:
  world: world
  x: 42.90175021196312
  y: 25.926199348928463
  z: -103.47538690017406
  yaw: -63.05648
  pitch: 33.801956
