lastAccountName: __DEER__
timestamps:
  login: 1737908151836
  logout: 1737908173944
ipAddress: 127.0.0.1
lastlocation:
  world: world
  x: -23.58396668033119
  y: 4.0
  z: -105.4108504253963
  yaw: -77.09567
  pitch: 8.700383
logoutlocation:
  world: world
  x: -32.55146478379076
  y: 10.5
  z: -95.97667760832546
  yaw: -131.55232
  pitch: 14.462038
