lastAccountName: glebasik1234567
timestamps:
  login: 1737907337605
  logout: 1737908106267
ipAddress: 127.0.0.1
logoutlocation:
  world: world
  x: -23.109164472907228
  y: 8.0
  z: -108.10920312283294
  yaw: 93.870605
  pitch: 40.949173
