lastAccountName: Chocoboy131yet
timestamps:
  login: 1737920404546
  logout: 1737923403951
ipAddress: 127.0.0.1
logoutlocation:
  world: world
  x: 29.99990208734724
  y: 27.621819564204756
  z: -8.018367140907005
  yaw: 11.41394
  pitch: 7.2874603
lastlocation:
  world: world
  x: 45.5
  y: 42.0
  z: -191.5
  yaw: 17.420105
  pitch: 39.080883
