lastAccountName: Milkoadwa3
timestamps:
  login: 1737914543800
  logout: 1737914603950
ipAddress: 127.0.0.1
lastlocation:
  world: world
  x: 88.26281044423699
  y: 53.5822436470841
  z: -103.85521041671699
  yaw: -140.9361
  pitch: 16.337347
logoutlocation:
  world: world
  x: -0.7311197238585051
  y: 5.754781425522866
  z: -106.77823021669741
  yaw: -83.71051
  pitch: 8.160244
