lastAccountName: Aleksey34241
timestamps:
  login: 1737916375563
  logout: 1737918016770
ipAddress: 127.0.0.1
lastlocation:
  world: world
  x: 53.05394417867016
  y: 42.0
  z: -64.03974142508444
  yaw: -75.17615
  pitch: -2.0498507
logoutlocation:
  world: world
  x: 46.65912780845372
  y: 46.71059853677002
  z: -102.27790031456144
  yaw: -59.519897
  pitch: 57.612106
