lastAccountName: Laginatory
timestamps:
  login: 1737904862401
  logout: 1737905016208
ipAddress: 127.0.0.1
lastlocation:
  world: world
  x: -6.437946878629857
  y: 6.5
  z: -102.13379005587787
  yaw: -5.3078613
  pitch: 26.805525
