lastAccountName: Kotlot
timestamps:
  login: 1737903898811
  logout: 1737904117759
  lastteleport: 1737904087076
ipAddress: 127.0.0.1
lastlocation:
  world: world
  x: -14.58950054000774
  y: 72.44519798056682
  z: 9.95269233703889
  yaw: 147.03313
  pitch: 20.951197
logoutlocation:
  world: world
  x: 66.68580427689878
  y: 57.0
  z: -124.26339549585347
  yaw: -90.44974
  pitch: 22.759499
