lastAccountName: Nowon_onm
timestamps:
  login: 1737908166486
  mute: 0
  logout: 1737908198241
ipAddress: 127.0.0.1
lastlocation:
  world: world
  x: -9.035549457164176
  y: 4.0
  z: -106.90090028511247
  yaw: 116.76329
  pitch: 4.0394406
muted: false
logoutlocation:
  world: world
  x: -38.90725674116323
  y: 8.5
  z: -110.38755484476208
  yaw: -93.087845
  pitch: -0.45717502
