lastAccountName: maksimka_001
timestamps:
  login: 1737911460850
  logout: 1737913641007
ipAddress: 127.0.0.1
logoutlocation:
  world: world
  x: 60.77704872809474
  y: 52.14733641245733
  z: -42.8230185279131
  yaw: 94.994064
  pitch: 34.220783
lastlocation:
  world: world
  x: 48.47072765122284
  y: 41.492335717138864
  z: -85.40394280566417
  yaw: -83.218636
  pitch: 11.160647
