lastAccountName: nowon_zxc
timestamps:
  login: 1737912438700
  logout: 1737912498950
ipAddress: 127.0.0.1
lastlocation:
  world: world
  x: -31.082672832179345
  y: 11.024424088213681
  z: -95.87199018776317
  yaw: -66.99618
  pitch: 33.39431
logoutlocation:
  world: world
  x: 89.25880454154631
  y: 35.5
  z: -130.09095839847083
  yaw: -49.43277
  pitch: 5.167551
