lastAccountName: Fikaliesdaw
timestamps:
  login: 1737912015550
  logout: 1737912019308
ipAddress: 127.0.0.1
logoutlocation:
  world: world
  x: -18.5
  y: 4.0625
  z: -108.5
  yaw: -80.42963
  pitch: 0.8957582
