lastAccountName: lolololok1212
timestamps:
  login: 1737912043250
  logout: 1737912505208
ipAddress: 127.0.0.1
logoutlocation:
  world: world
  x: 11.317744264261338
  y: 10.024631372822897
  z: -108.72876433700026
  yaw: 95.1949
  pitch: 38.55217
lastlocation:
  world: world
  x: 92.5
  y: 39.86982821746747
  z: -108.5
  yaw: 97.91022
  pitch: 35.54737
