lastAccountName: Makareo
timestamps:
  login: 1737920499096
  logout: 1737923410424
ipAddress: 127.0.0.1
lastlocation:
  world: world
  x: 26.571812860400268
  y: 41.68336388560122
  z: -194.90874911508232
  yaw: 162.80717
  pitch: 57.40874
logoutlocation:
  world: world
  x: 3.3299999140698544
  y: 3.818193840174411
  z: -109.53977541834193
  yaw: 168.09216
  pitch: 48.300026
