lastAccountName: vamzad
timestamps:
  login: 1737910671700
  logout: 1737910701609
ipAddress: 127.0.0.1
logoutlocation:
  world: world
  x: -19.717696134863253
  y: 5.617603151319096
  z: -105.2033754022336
  yaw: -123.175606
  pitch: 13.471184
lastlocation:
  world: world
  x: 31.478795781914766
  y: 29.0
  z: -134.69999998807907
  yaw: -103.22518
  pitch: 0.033816308
