lastAccountName: Dim4ik6123a
timestamps:
  login: 1737916381113
  logout: 1737918463690
ipAddress: 127.0.0.1
lastlocation:
  world: world
  x: 59.01113118081485
  y: 44.86014624910572
  z: -58.609409087340424
  yaw: 64.53436
  pitch: 26.22504
