lastAccountName: posevok
timestamps:
  login: 1737920399290
  logout: 1737923410429
ipAddress: 127.0.0.1
logoutlocation:
  world: world
  x: 95.73647397880971
  y: 35.0
  z: -126.71690675707517
  yaw: 131.30896
  pitch: 2.3987665
lastlocation:
  world: world
  x: 42.83289042060979
  y: 30.399456918023795
  z: -181.14761155994202
  yaw: 97.56909
  pitch: 22.353865
