lastAccountName: ITACH_YOPPP
timestamps:
  login: 1737911452100
  logout: 1737911525608
ipAddress: 127.0.0.1
logoutlocation:
  world: world
  x: 0.008158761852971569
  y: 15.423335109539833
  z: -117.69054992082005
  yaw: -17.340973
  pitch: 39.888615
