lastAccountName: kolia337
timestamps:
  login: 1737911452950
  logout: 1737912713256
ipAddress: 127.0.0.1
logoutlocation:
  world: world
  x: -6.14432428328425
  y: 6.262227098966957
  z: -106.0648778439525
  yaw: -92.84274
  pitch: 35.901817
lastlocation:
  world: world
  x: -19.672857567282584
  y: 10.833454043208045
  z: -104.98085754054374
  yaw: -92.28839
  pitch: 29.552298
