lastAccountName: topsikOK228
timestamps:
  login: 1738408228145
  logout: 1738408416095
ipAddress: 127.0.0.1
lastlocation:
  world: world
  x: -64.59519446038469
  y: 1.0
  z: -53.942367927808526
  yaw: -91.043945
  pitch: -71.991196
logoutlocation:
  world: world
  x: -45.93550817087127
  y: 1.0
  z: -49.628187965407946
  yaw: 138.7428
  pitch: -2.633857
