lastAccountName: xDIPx
timestamps:
  login: 1737910407403
  logout: 1737910864208
ipAddress: 127.0.0.1
lastlocation:
  world: world
  x: 46.706926114667986
  y: 32.5
  z: -110.37229641045101
  yaw: -131.03299
  pitch: 0.3006978
logoutlocation:
  world: world
  x: 70.5
  y: 34.0
  z: -111.5
  yaw: 89.19263
  pitch: 33.235413
