lastAccountName: Pixel_fiksik
timestamps:
  login: 1737920444846
  logout: 1737920463903
ipAddress: 127.0.0.1
logoutlocation:
  world: world
  x: -15.862730434546505
  y: 7.553852463165186
  z: -104.03744513144598
  yaw: 164.99979
  pitch: 37.94999
