lastAccountName: YaProstoSex
timestamps:
  login: 1737648348469
  logout: 1737648859563
ipAddress: 127.0.0.1
lastlocation:
  world: world
  x: -17.4647234262142
  y: 4.0
  z: -105.15957760755411
  yaw: -1.8000001
  pitch: 1.2000002
logoutlocation:
  world: world
  x: -13.949999988079071
  y: 4.5
  z: -114.51640942741703
  yaw: 144.7471
  pitch: 60.299797
