lastAccountName: krutiechavachki
timestamps:
  login: 1737997022538
  logout: 1738000974081
  lastteleport: 1737998486882
ipAddress: 127.0.0.1
lastlocation:
  world: world
  x: -918.1051758593678
  y: 4.0
  z: -531.1044437456442
  yaw: -0.900136
  pitch: 4.9500623
logoutlocation:
  world: world
  x: 88.53497797065705
  y: 5.057446319173255
  z: -188.51747539650162
  yaw: -175.63235
  pitch: 14.20638
