lastAccountName: krutiechavachki
timestamps:
  login: 1738486396138
  logout: 1738486559322
  lastteleport: 1738486530700
ipAddress: 127.0.0.1
lastlocation:
  world: world
  x: 84.5
  y: 4.0
  z: -241.5
  yaw: 116.11698
  pitch: -3.0000036
logoutlocation:
  world: world
  x: -254.23688130462196
  y: 18.417683739466217
  z: 203.42673515462528
  yaw: -121.03244
  pitch: 56.61206
