lastAccountName: sirocheeeek
timestamps:
  login: 1737904708851
  logout: 1737905016180
ipAddress: 127.0.0.1
lastlocation:
  world: world
  x: 4.950474569830816
  y: 5.0
  z: -109.64730432340396
  yaw: 133.19904
  pitch: 20.249979
