lastAccountName: borend19
timestamps:
  login: 1738488624427
  logout: 1738488635173
ipAddress: 127.0.0.1
logoutlocation:
  world: world
  x: -18.033935277546853
  y: 4.0625
  z: -108.6821586654011
  yaw: 112.49997
  pitch: 6.7500024
