lastAccountName: kot_debil_2
timestamps:
  login: 1737911471600
  logout: 1737913392306
ipAddress: 127.0.0.1
logoutlocation:
  world: world
  x: 41.68059968244788
  y: 42.0
  z: -62.84356012816359
  yaw: -68.02537
  pitch: 18.376411
lastlocation:
  world: world
  x: 50.081783980059974
  y: 42.0
  z: -84.87474163645523
  yaw: -118.79175
  pitch: 11.602511
