lastAccountName: SquadGameGo2
timestamps:
  login: 1737739084148
  logout: 1737739130001
ipAddress: 127.0.0.1
logoutlocation:
  world: world
  x: -16.662379668827782
  y: 7.0
  z: -118.05000001192093
  yaw: -85.937805
  pitch: 43.799774
