lastAccountName: I1ceBreaker
timestamps:
  login: 1737918503184
  logout: 1737919727642
ipAddress: 127.0.0.1
logoutlocation:
  world: world
  x: -18.5
  y: 4.0625
  z: -108.5
  yaw: 0.5659501
  pitch: 0.25725004
lastlocation:
  world: world
  x: 55.3382340239607
  y: 42.0
  z: -56.77630854710048
  yaw: 84.287315
  pitch: 7.8578973
