lastAccountName: ___shadow___
timestamps:
  login: 1737908330436
  logout: 1737910338036
ipAddress: 127.0.0.1
lastlocation:
  world: world
  x: 9.605874149845723
  y: 29.0
  z: -134.69999998807907
  yaw: -179.25836
  pitch: -0.2968366
logoutlocation:
  world: world
  x: -23.765121773404477
  y: 6.121296840539189
  z: -115.2643369645604
  yaw: -89.75452
  pitch: 25.05013
