lastAccountName: Aksqqmm
timestamps:
  login: 1737910665200
  logout: 1737910695108
  mute: 0
ipAddress: 127.0.0.1
logoutlocation:
  world: world
  x: 63.28155666545647
  y: 29.0
  z: -134.68977020919934
  yaw: 160.75581
  pitch: -4.8543396
lastlocation:
  world: world
  x: 7.19455956652915
  y: 5.0
  z: -106.66163391295878
  yaw: 105.15656
  pitch: 13.683121
muted: false
