lastAccountName: polniraznos123
timestamps:
  login: 1737904691151
  logout: 1737905016172
ipAddress: 127.0.0.1
lastlocation:
  world: world
  x: 5.031096112729598
  y: 5.0
  z: -107.87983671875635
  yaw: -127.267365
  pitch: 6.4721856
