lastAccountName: SAydagaa
timestamps:
  login: 1737920003995
  logout: 1737920233076
ipAddress: 127.0.0.1
lastlocation:
  world: world
  x: -36.87176427515123
  y: 7.666109260938214
  z: -101.44414643952649
  yaw: -79.29541
  pitch: 20.366747
