lastAccountName: Mukkuruu
timestamps:
  login: 1738412113366
  logout: 1738412205168
ipAddress: 127.0.0.1
logoutlocation:
  world: world
  x: 49.388895099358514
  y: 34.0
  z: 17.30000001192093
  yaw: 154.54456
  pitch: 35.031906
lastlocation:
  world: world
  x: 18.914192923227187
  y: 49.7531999805212
  z: 0.7943147401177704
  yaw: 87.5517
  pitch: 77.76346
