lastAccountName: yeetr
timestamps:
  login: 1737904717151
  logout: 1737904896107
ipAddress: 127.0.0.1
logoutlocation:
  world: world
  x: -7.708089279725204
  y: 4.0
  z: -109.62449644863358
  yaw: -87.150665
  pitch: 10.3498535
