lastAccountName: tort112
timestamps:
  login: 1737912005550
  logout: 1737912017059
ipAddress: 127.0.0.1
logoutlocation:
  world: world
  x: 9.699999988079071
  y: 5.0
  z: -107.98669834300559
  yaw: -94.20044
  pitch: 21.149984
