lastAccountName: wagner_ded
timestamps:
  login: 1737911451750
  logout: 1737913510206
ipAddress: 127.0.0.1
lastlocation:
  world: world
  x: 53.78142867245523
  y: 42.0
  z: -87.1365015180135
  yaw: -152.05933
  pitch: 5.194463
logoutlocation:
  world: world
  x: 57.43466393434919
  y: 45.50076215192319
  z: -44.785046467379225
  yaw: -107.98044
  pitch: 31.538502
