lastAccountName: igravkalmara
timestamps:
  login: 1738579186891
  logout: 1738579216633
ipAddress: 127.0.0.1
lastlocation:
  world: world
  x: -20.90725056145435
  y: 7.5
  z: -118.94999998807907
  yaw: -149.4006
  pitch: 25.349695
logoutlocation:
  world: world
  x: -20.90725056145435
  y: 7.5
  z: -118.94999998807907
  yaw: 71.999695
  pitch: 36.899727
