lastAccountName: zxc_autism999
timestamps:
  login: 1737908174136
  logout: 1737910337280
ipAddress: 127.0.0.1
lastlocation:
  world: world
  x: 58.67805718874415
  y: 29.0
  z: -134.69999998807907
  yaw: 178.635
  pitch: 21.482773
logoutlocation:
  world: world
  x: -36.196741767795416
  y: 7.8127778598351165
  z: -107.1428459948355
  yaw: 39.92215
  pitch: 31.50873
