lastAccountName: weeeflgt_fgg
timestamps:
  login: 1737920030054
  logout: 1737920221612
ipAddress: 127.0.0.1
lastlocation:
  world: world
  x: -18.515858709394408
  y: 11.749187078744683
  z: -122.69904164411537
  yaw: -26.075012
  pitch: 46.962353
logoutlocation:
  world: world
  x: -14.516625747577045
  y: 10.5
  z: -122.69999998807907
  yaw: 4.9212646
  pitch: 32.67034
