lastAccountName: xq4nax
timestamps:
  login: 1737908162886
  logout: 1737908190750
ipAddress: 127.0.0.1
lastlocation:
  world: world
  x: -4.755673668753177
  y: 4.0
  z: -97.90758706818303
  yaw: 161.75534
  pitch: 29.378227
logoutlocation:
  world: world
  x: -6.804462198949033
  y: 7.0
  z: -108.3982625635745
  yaw: 90.74657
  pitch: 31.536938
