lastAccountName: Sandy5
timestamps:
  login: 1737910406250
  logout: 1737910472658
ipAddress: 127.0.0.1
lastlocation:
  world: world
  x: 41.65963494027541
  y: 29.121296840539188
  z: -134.69999998807907
  yaw: 171.4469
  pitch: -6.326767
logoutlocation:
  world: world
  x: 21.66807016875816
  y: 7.1462274540608055
  z: -105.08968334342846
  yaw: 102.9604
  pitch: 22.953182
