lastAccountName: Mfticmcisupqs
timestamps:
  login: 1737918507285
  logout: 1737918512845
ipAddress: 127.0.0.1
lastlocation:
  world: world
  x: -18.5
  y: 4.0625
  z: -108.5
  yaw: 0.0
  pitch: 0.0
logoutlocation:
  world: world
  x: -18.570294779063254
  y: 4.0625
  z: -112.91858167410747
  yaw: -33.93257
  pitch: 5.468475
