lastAccountName: pixik_fiksik
timestamps:
  login: 1737914543550
  logout: 1737914568557
ipAddress: 127.0.0.1
logoutlocation:
  world: world
  x: -38.69999998807907
  y: 8.5
  z: -96.30000001192093
  yaw: -84.14984
  pitch: 1.4999402
