lastAccountName: TTona
timestamps:
  login: 1737920399617
  lastteleport: 1737923082725
  logout: 1737923410412
ipAddress: 127.0.0.1
lastlocation:
  world: world
  x: 36.429596684610765
  y: 29.0
  z: -179.87785128641138
  yaw: 128.9674
  pitch: 45.839344
logoutlocation:
  world: world
  x: 35.94526723385647
  y: 42.0
  z: -58.95328956427108
  yaw: -106.4028
  pitch: 5.495411
