lastAccountName: Astral7x
timestamps:
  login: 1737904707351
  logout: 1737905016177
ipAddress: 127.0.0.1
lastlocation:
  world: world
  x: -0.13093409198594483
  y: 4.0625
  z: -108.86940447680914
  yaw: -27.60138
  pitch: 9.60008
