lastAccountName: kadhfh
timestamps:
  login: 1737920405147
  logout: 1737921373235
ipAddress: 127.0.0.1
lastlocation:
  world: world
  x: -124.01472565676576
  y: 6.0
  z: 52.76482787082875
  yaw: -112.35455
  pitch: -3.1822839
logoutlocation:
  world: world
  x: -64.8581921916365
  y: 37.0
  z: -77.30000001192093
  yaw: 21.185638
  pitch: -1.6727974
