lastAccountName: topsikpok556
timestamps:
  login: 1737911453100
  logout: 1737913337456
ipAddress: 127.0.0.1
lastlocation:
  world: world
  x: 55.69999998807907
  y: 42.0
  z: -84.69643479790474
  yaw: 97.73572
  pitch: 22.233292
logoutlocation:
  world: world
  x: 41.25710814021163
  y: 42.0
  z: -51.16683427105338
  yaw: -106.23099
  pitch: -17.507599
