lastAccountName: dim4ik
timestamps:
  login: 1737629241728
  logout: 1737629391539
ipAddress: 127.0.0.1
logoutlocation:
  world: world
  x: 2.0563256310495266
  y: 4.0
  z: -108.98664787657545
  yaw: -61.648926
  pitch: 14.955225
