lastAccountName: week_fr0m
timestamps:
  login: 1737908826436
  logout: 1737910338322
ipAddress: 127.0.0.1
lastlocation:
  world: world
  x: 11.438880734280525
  y: 29.0
  z: -134.69999998807907
  yaw: -173.2616
  pitch: -0.6978313
logoutlocation:
  world: world
  x: 5.482487628527626
  y: 3.0342207291938
  z: -95.07431548285739
  yaw: -55.85959
  pitch: 21.983948
