lastAccountName: vanbynek
timestamps:
  login: 1737904708751
  logout: 1737905016179
ipAddress: 127.0.0.1
lastlocation:
  world: world
  x: 2.4820740244644255
  y: 4.0
  z: -116.42101521166902
  yaw: 16.290283
  pitch: 14.582713
