lastAccountName: x5zp
timestamps:
  login: 1737908717386
  logout: 1737908742237
ipAddress: 127.0.0.1
lastlocation:
  world: world
  x: -37.467168658168504
  y: 10.176759275064239
  z: -97.49550343949257
  yaw: 160.95073
  pitch: 41.40006
logoutlocation:
  world: world
  x: -4.197784849205274
  y: 4.0
  z: -106.62938154084428
  yaw: 68.77084
  pitch: 56.850098
