lastAccountName: Hiddеn1
timestamps:
  login: 1737911628600
  logout: 1737912398107
ipAddress: 127.0.0.1
logoutlocation:
  world: world
  x: 77.46506846452672
  y: 36.99448720629475
  z: -97.59457245319007
  yaw: 178.14392
  pitch: 27.902336
lastlocation:
  world: world
  x: 92.5
  y: 41.0
  z: -108.5
  yaw: 102.71289
  pitch: 39.29718
