lastAccountName: ZwergTimote
timestamps:
  login: 1737920399990
  logout: 1737921643502
ipAddress: 127.0.0.1
lastlocation:
  world: world
  x: -33.66828444432102
  y: 28.193473889990987
  z: -64.97793392436698
  yaw: 120.0111
  pitch: 16.04552
logoutlocation:
  world: world
  x: -8.809565827699558
  y: 39.56130020235383
  z: -44.60712556182894
  yaw: -159.0946
  pitch: 34.533672
