lastAccountName: _CaXaЗ___
timestamps:
  login: 1737908151386
  logout: 1737908360345
ipAddress: 127.0.0.1
lastlocation:
  world: world
  x: -17.45671731806654
  y: 4.0
  z: -109.90101575655258
  yaw: -60.724762
  pitch: 3.8184652
logoutlocation:
  world: world
  x: -10.954282451142037
  y: 4.0
  z: -105.69397141218785
  yaw: -103.91101
  pitch: 10.651277
