lastAccountName: to4no_borend53
timestamps:
  login: 1737920399151
  logout: 1737920816952
ipAddress: 127.0.0.1
lastlocation:
  world: world
  x: -8.746045913590171
  y: 4.421599998474121
  z: -113.45960451047567
  yaw: -81.13928
  pitch: 12.60124
logoutlocation:
  world: world
  x: -6.699999988079071
  y: 5.0
  z: -98.77223872204802
  yaw: -149.56323
  pitch: 8.850005
