lastAccountName: MafiTrick
timestamps:
  login: 1737910404867
  logout: 1737915632781
ipAddress: 127.0.0.1
lastlocation:
  world: world
  x: 65.22140679182522
  y: 42.0
  z: -78.67955464490986
  yaw: -3.5703125
  pitch: 15.4844265
logoutlocation:
  world: world
  x: 3.898502694478862
  y: 6.249187078744681
  z: -106.4754865672838
  yaw: 53.683716
  pitch: 15.123464
