lastAccountName: to4no_borend1
timestamps:
  login: 1737908151786
  logout: 1737908168212
ipAddress: 127.0.0.1
lastlocation:
  world: world
  x: -18.5
  y: 5.0
  z: -108.5
  yaw: 0.0
  pitch: 0.0
logoutlocation:
  world: world
  x: -23.69999998807907
  y: 8.0
  z: -108.58901307646755
  yaw: -73.578674
  pitch: 5.5507426
