lastAccountName: to4no_borend
timestamps:
  login: 1738488688551
  logout: 1738489415972
ipAddress: 127.0.0.1
lastlocation:
  world: world
  x: -249.6383584003267
  y: 17.551957758670653
  z: -13.333894321567156
  yaw: 74.94351
  pitch: 32.399723
logoutlocation:
  world: world
  x: -279.69999998807907
  y: 4.0
  z: 181.7237808645939
  yaw: -46.278145
  pitch: -5.099676
