lastAccountName: to4no_borend
timestamps:
  login: 1737907066306
  logout: 1737907084008
ipAddress: 127.0.0.1
lastlocation:
  world: world
  x: -3.2385583723109743
  y: 4.8156999805212015
  z: -108.17603429457982
  yaw: 39.75285
  pitch: 10.04986
logoutlocation:
  world: world
  x: 0.5258305455596464
  y: 4.0
  z: -109.25478158935766
  yaw: -86.8474
  pitch: -1.0501238
