lastAccountName: feernayyy
timestamps:
  login: 1737920401143
  logout: 1737921654751
ipAddress: 127.0.0.1
lastlocation:
  world: world
  x: 80.75562924685525
  y: 40.62107917450642
  z: 154.63058349728917
  yaw: -110.98657
  pitch: 44.682137
logoutlocation:
  world: world
  x: -7.10635741499127
  y: 38.44446072695401
  z: -50.741683052542506
  yaw: -58.752075
  pitch: 30.134287
