lastAccountName: gornlorn
timestamps:
  login: 1737920401647
  logout: 1737921637352
ipAddress: 127.0.0.1
logoutlocation:
  world: world
  x: -7.542336793754619
  y: 38.0
  z: -50.40254020021525
  yaw: -148.5732
  pitch: 32.69979
lastlocation:
  world: world
  x: -1.6334678250302384
  y: 4.0
  z: -103.72422639384517
  yaw: -124.91455
  pitch: 18.749992
