lastAccountName: Shadow4ikKemp
timestamps:
  login: 1737908155386
  logout: 1737908190096
ipAddress: 127.0.0.1
logoutlocation:
  world: world
  x: -6.1736366889318095
  y: 5.0
  z: -109.22383800070116
  yaw: 99.28161
  pitch: 26.09992
