lastAccountName: Groffii_
timestamps:
  login: 1737908181936
  logout: 1737909990644
ipAddress: 127.0.0.1
lastlocation:
  world: world
  x: 33.73415518929745
  y: 29.0
  z: -132.53432050052882
  yaw: -104.55915
  pitch: 39.21574
logoutlocation:
  world: world
  x: 8.153430132364605
  y: 39.51769674162531
  z: -234.6603402388954
  yaw: -121.125595
  pitch: 43.217674
